HashSet 10000 10000 0.201749 0.202398
HashSet 20000 10000 0.403062 0.197062
HashSet 30000 10000 0.600459 0.198531
HashSet 40000 10000 0.810602 0.198386
HashSet 50000 10000 1.00416 0.197525
HashSet 60000 10000 1.20024 0.198703
HashSet 70000 10000 1.40608 0.197145
HashSet 80000 10000 1.61066 0.197192
HashSet 90000 10000 1.80989 0.197401
HashSet 100000 10000 2.01089 0.197271
TreeSet 10000 10000 0.205679 0.201796
TreeSet 20000 10000 0.410432 0.202268
TreeSet 30000 10000 0.622726 0.205301
TreeSet 40000 10000 0.84152 0.219727
TreeSet 50000 10000 1.32228 0.218922
TreeSet 60000 10000 1.32553 0.216893
TreeSet 70000 10000 1.5392 0.208325
TreeSet 80000 10000 1.74538 0.21461
TreeSet 90000 10000 2.07386 0.209676
TreeSet 100000 10000 2.19442 0.208479
Vector 10000 10000 0.196897 0.938434
Vector 20000 10000 0.394943 1.6483
Vector 30000 10000 0.592866 2.37291
Vector 40000 10000 0.784758 3.10331
Vector 50000 10000 1.063 3.96987
Vector 60000 10000 1.24036 4.71119
Vector 70000 10000 1.42785 5.91239
Vector 80000 10000 1.59341 5.84671
Vector 90000 10000 1.82348 6.58399
Vector 100000 10000 1.99584 7.49275
LinkedList 10000 10000 0.1991 1.16069
LinkedList 20000 10000 0.422882 2.17606
LinkedList 30000 10000 0.590123 3.02093
LinkedList 40000 10000 0.785895 4.11447
LinkedList 50000 10000 0.992069 4.96199
LinkedList 60000 10000 1.183 5.90782
LinkedList 70000 10000 1.36907 6.88329
LinkedList 80000 10000 1.56783 8.51639
LinkedList 90000 10000 1.80431 10.3338
LinkedList 100000 10000 2.11817 10.7068
